=============================================
Delay versus positive VDIFF
columns: VDIFF tclk tout td Voutp4n Voutn4n Pavg
=============================================
500e-6 1.01E-09 6.64065E-09 3.3 0.000810249
1e-3 1.01E-09 6.64069E-09 3.3 0.000811015
1.611328125e-3 1.01E-09 6.64073E-09 3.3 0.000811969
3.22265625e-3 1.01E-09 6.64076E-09 3.3 0.000788271
5e-3 1.01E-09 6.6409E-09 3.3 0.000791328
10e-3 1.01E-09 6.6416E-09 3.3 0.000870706
20e-3 1.01E-09 6.64344E-09 3.3 0.000855852
50e-3 1.01E-09 1.74004E-09 7.30042E-10 3.3 6.66375E-09 0.000915684
