=============================================
VCM sweep at VDIFF = +0.5 LSB
columns: VCM Voutp4n Voutn4n Vod4n td Pavg
=============================================
0.8 3.2749 3.26297 0.011928 0.000237473
1.0 0.00189098 3.29996 -3.29807 0.000775754
1.2 4.01917E-08 3.3 -3.3 0.00080164
1.4 6.71763E-09 3.3 -3.3 0.000778216
1.65 6.64073E-09 3.3 -3.3 0.000811969
1.8 6.63915E-09 3.3 -3.3 0.000791866
2.0 6.63875E-09 3.3 -3.3 0.000827532
2.2 6.63863E-09 3.3 -3.3 0.000837553
2.4 6.63858E-09 3.3 -3.3 0.000847893
