=============================================
VCM sweep at VDIFF = +0.5 LSB
columns: VCM Voutp4n Voutn4n Vod4n td Pavg
=============================================
0.8 3.34338 3.32695 0.016428 0.000425249
1.0 1.45066E-05 3.3 -3.29998 0.000836597
1.2 7.91506E-09 3.3 -3.3 0.000821895
1.4 7.26776E-09 3.3 -3.3 0.000823879
1.65 7.26489E-09 3.3 -3.3 0.000831511
1.8 7.26482E-09 3.3 -3.3 0.000837856
2.0 7.26482E-09 3.3 -3.3 0.000847369
2.2 7.26482E-09 3.3 -3.3 0.000857526
2.4 7.26482E-09 3.3 -3.3 0.000868
