=============================================
Delay versus positive VDIFF
columns: VDIFF tclk tout td Voutp4n Voutn4n Pavg
=============================================
500e-6 1.01E-09 7.26489E-09 3.3 0.000873728
1e-3 1.01E-09 7.26489E-09 3.3 0.000804984
1.611328125e-3 1.01E-09 7.26489E-09 3.3 0.000831511
3.22265625e-3 1.01E-09 7.26489E-09 3.3 0.000878129
5e-3 1.01E-09 7.2649E-09 3.3 0.000837228
10e-3 1.01E-09 7.26491E-09 3.3 0.000846997
20e-3 1.01E-09 7.26496E-09 3.3 0.000874149
50e-3 1.01E-09 1.62697E-09 6.16975E-10 3.3 7.27481E-09 0.000888805
