=============================================
VCM sweep at VDIFF = +0.5 LSB
columns: VCM Voutp4n Voutn4n Vod4n td Pavg
=============================================
0.8 0.00482617 3.29992 -3.29509 0.000848236
1.0 9.49483E-08 3.3 -3.3 0.000831837
1.2 1.72356E-08 3.3 -3.3 0.00082061
1.4 1.72188E-08 3.3 -3.3 0.000821905
1.65 1.72187E-08 3.3 -3.3 0.000854003
1.8 1.72186E-08 3.3 -3.3 0.000860502
2.0 1.72186E-08 3.3 -3.3 0.000870193
2.2 1.72186E-08 3.3 -3.3 0.000880507
2.4 1.72186E-08 3.3 -3.3 0.000866913
