=============================================
Delay versus positive VDIFF
columns: VDIFF tclk tout td Voutp4n Voutn4n Pavg
=============================================
500e-6 1.01E-09 1.72186E-08 3.3 0.000852241
1e-3 1.01E-09 1.72186E-08 3.3 0.000853027
1.611328125e-3 1.01E-09 1.72187E-08 3.3 0.000854003
3.22265625e-3 1.01E-09 1.72186E-08 3.3 0.000856659
5e-3 1.01E-09 1.72187E-08 3.3 0.000859742
10e-3 1.01E-09 1.72186E-08 3.3 0.000869419
20e-3 1.01E-09 1.72187E-08 3.3 0.000895367
50e-3 1.01E-09 1.61448E-09 6.04476E-10 3.3 1.72396E-08 0.000965884
