=============================================
VCM sweep at VDIFF = +0.5 LSB
columns: VCM Voutp4n Voutn4n Vod4n td Pavg
=============================================
0.8 3.30023 2.44895 0.851282 0.000309639
1.0 0.000280963 3.29997 -3.29969 0.000843695
1.2 1.40717E-08 3.3 -3.3 0.000822748
1.4 9.87835E-09 3.3 -3.3 0.000824159
1.65 9.86851E-09 3.3 -3.3 0.000831125
1.8 9.86837E-09 3.3 -3.3 0.000872843
2.0 9.86833E-09 3.3 -3.3 0.000846516
2.2 9.86833E-09 3.3 -3.3 0.000834521
2.4 9.86833E-09 3.3 -3.3 0.000866827
