=============================================
Delay versus positive VDIFF
columns: VDIFF tclk tout td Voutp4n Voutn4n Pavg
=============================================
500e-6 1.01E-09 9.86851E-09 3.3 0.000829257
1e-3 1.01E-09 9.8685E-09 3.3 0.000808099
1.611328125e-3 1.01E-09 9.86851E-09 3.3 0.000831125
3.22265625e-3 1.01E-09 9.86851E-09 3.3 0.000833962
5e-3 1.01E-09 9.86853E-09 3.3 0.000815294
10e-3 1.01E-09 9.86858E-09 3.3 0.000883503
20e-3 1.01E-09 9.86873E-09 3.3 0.000878556
50e-3 1.01E-09 1.64325E-09 6.33251E-10 3.3 9.88289E-09 0.000877743
