=============================================
Delay versus positive VDIFF
columns: VDIFF tclk tout td Voutp4n Voutn4n Pavg
=============================================
500e-6 1.01E-09 6.37892E-09 3.3 0.000830978
1e-3 1.01E-09 6.37892E-09 3.3 0.000831703
1.611328125e-3 1.01E-09 6.37893E-09 3.3 0.000832605
3.22265625e-3 1.01E-09 6.37891E-09 3.3 0.000835058
5e-3 1.01E-09 6.37893E-09 3.3 0.000837907
10e-3 1.01E-09 6.37893E-09 3.3 0.000846863
20e-3 1.01E-09 6.37898E-09 3.3 0.000870974
50e-3 1.01E-09 1.66122E-09 6.51223E-10 3.3 6.38719E-09 0.000934232
